"0","add <- function(x, y) {"
"0","  x+y"
"0","}"
